2.00E+00
2.10E+00
2.30E+00
2.50E+00
2.60E+00
3.00E+00
3.40E+00
3.70E+00
3.70E+00
3.80E+00
3.80E+00
3.90E+00
3.80E+00
3.70E+00
3.40E+00
3.40E+00
3.20E+00
3.20E+00
3.10E+00
3.10E+00
3.20E+00
3.40E+00
3.50E+00
3.70E+00
3.90E+00
4.30E+00
4.70E+00
4.70E+00
5.10E+00
5.80E+00
6.60E+00
7.40E+00
8.30E+00
9.40E+00
1.09E+01
1.25E+01
1.42E+01
1.63E+01
1.97E+01
2.09E+01
2.31E+01
2.68E+01
3.00E+01
3.26E+01
3.57E+01
3.74E+01
4.15E+01
5.08E+01
5.14E+01
5.43E+01
6.03E+01
6.43E+01
7.29E+01
7.75E+01
